  -1.0433063e+00
  -1.9838083e+00
  -1.3059110e+00
  -8.5218371e-01
  -3.4765109e-01
   2.3101236e+00
   3.4739130e+00
   3.1345553e+00
   8.0420495e-01
  -1.3765654e-01
  -4.8160886e-01
  -6.6040135e-01
  -5.5132027e-01
  -3.8210540e-01
  -7.4362331e-01
  -5.6926063e-01
  -5.1497720e-01
  -7.3241023e-02
  -1.8095678e-01
  -6.5521602e-03
  -5.7607290e-01
  -2.1955988e-01
  -3.1075819e-01
  -1.3052945e-01
  -3.2154026e-01
   6.1711429e-02
   1.3332458e-01
  -1.2824573e-01
   5.2687430e-03
  -2.0516369e-01
   9.9344917e-02
  -4.6612044e-02
   5.3864271e-02
  -1.8530734e-02
   1.0053989e-01
   3.4496446e-01
   2.8120032e-01
   2.9180674e-01
   3.6656940e-01
   3.3018525e-01
